0.62
0.52
0.72
0.72
0.70
0.62
0.64
0.62
0.52
0.65

0.48
0.74
0.78
0.60
0.74
0.58
0.80
0.62
0.74
0.78

0.68
0.76
0.70
0.72
0.78
0.74
0.80
0.88
0.72

0.80
0.76
0.84
0.80
0.86
0.82
0.78
0.68
0.80
0.80

0.86
0.96
0.82
0.78
0.76
0.82
0.82
0.86
0.86
0.78

0.68
0.84
0.76
0.82
0.80
0.88
0.86
0.88
0.88
0.80

0.84
0.90
0.74
0.86
0.80
0.70
0.84
0.82
0.80
0.82

0.82
0.86
0.90
0.88
0.92
0.90
0.94
0.96
0.82
0.94

0.98
0.92
0.84
0.84
0.90
0.82
0.90
0.84
0.86
0.82

0.82
0.90
0.84
0.78
0.84
0.86
0.86
0.92
0.84
0.84

